0 3.9087533951465607 3.638997183062626
0 3.057181748992504 1.9130990748121879
0 3.3980845909869357 2.6449636796437783
0 2.76156401561558 2.90062451270604
0 2.800312983436932 3.28484827806081
0 4.6632396388725486 5.266730679354389
0 4.078139975395385 4.84323890225679
0 2.416519726536794 2.822756381995295
0 4.810695489057493 3.6042729932643485
0 2.7051440283520254 4.069281762498619
0 2.817309114333468 2.8494253902194964
0 5.084177036512732 5.447950238432991
0 4.979102012033608 5.877288262588882
0 2.5909416874725073 2.807194610058225
0 3.4039833899217644 4.516032408528713
0 4.654388189035698 4.25629542195189
0 4.808877177363725 3.5559041101842466
0 4.705198236271582 3.6119343692687815
0 1.973273224758426 4.15784115537972
0 2.8147710846534153 3.7841435298353763
0 5.025517728718423 5.153469014406598
0 4.397150192723459 3.1745223560956215
0 5.433172880064387 3.570698603304822
0 5.495094207686861 4.143118412675719
0 3.8725868621026436 2.781456941340653
0 1.918376311240816 2.826697803752494
0 2.946699412640857 5.359033973305808
0 2.082310069289738 2.596576260841488
0 1.9970976509292004 4.857870072080398
0 4.87122409808269 4.728741375056172
0 4.1609281904507744 5.5533290422709785
0 3.880828010886226 4.23416245920044
0 4.317592969152695 5.049967202599196
0 3.363705688627725 4.582639172226503
0 1.9149622123172465 6.038676050765655
0 4.038126575179642 3.156496669417574
0 4.378277010392106 4.336645761770702
0 2.271723548868853 3.903669851552822
0 3.9209480012818627 5.577314473623641
0 4.425841386124523 5.201165722651489
0 5.271733385417166 5.252898359049069
0 3.8139904430954514 4.728847840745951
0 4.332860875835641 4.457774807363458
0 3.496718920841068 3.9423139506930513
0 2.603260367367957 5.28391703100369
0 3.507617610662892 4.08343010729061
0 3.246746154771524 3.9804342317156474
0 3.0207733103606906 3.475928858606146
0 5.0816461890518845 3.2076894345118916
0 4.381295781283337 5.762311539083721
0 4.002259026186727 3.6020175822449736
0 3.7796965638976276 3.9876435720161916
0 3.9114909409516465 3.637733897816811
0 3.84741034992819 2.300040076073379
0 2.544714399858864 3.2749175735899345
0 3.8812468693632654 3.454127312816637
0 3.0456698758379255 3.923496149762365
0 4.299436178194038 4.094825104425239
0 4.670022960749249 4.851270338766174
0 4.405089019411296 3.551003345073074
0 5.237509732628586 3.498372317172257
0 2.698056593440339 3.902088647038817
0 5.153434142213319 4.375524060066557
0 4.105999296683535 4.119599047705764
0 3.2542031526978645 4.5003636200709165
0 4.702549721391674 3.5382952055973558
0 4.433463516364016 4.198755983259764
0 5.9551905263818 3.9503873106535248
0 5.85929104828211 2.277730271314228
0 4.60036095463219 4.910766111385498
0 4.720259062973059 4.515916893934889
0 4.745700339357747 3.797334964170003
0 3.998858836993078 4.484266145174072
0 1.6212536494339402 3.0986602427437893
0 2.9590090152425814 5.298642332609328
0 2.4217895020966695 4.952584790540552
0 3.808169422056679 2.4768055585419986
0 3.2530726955165807 3.1730150367164445
0 4.755379057389792 3.6094111968590394
0 2.417655708757951 3.042709124282265
0 5.212460605690914 2.635670782618768
0 2.6289717166471047 3.5574433974162085
0 3.127710545194411 3.6275449396198662
0 3.3364690474328196 2.766555551093484
0 3.5987711233867037 4.959247432636819
0 2.3013259263666637 4.2961116187113175
0 4.472646866282272 5.317409684492419
0 4.109673119457782 5.396909633777165
0 4.5672836848035665 4.229466266890591
0 4.515061096913025 3.5872977778745194
0 4.28938385724175 3.9612567320832826
0 4.727591649731329 6.500277486539591
0 3.7333939257570954 4.028197905666242
0 4.745107659264699 4.754462604854735
0 3.0230498529060803 4.261528477897603
0 2.1683196925613606 4.725353433031061
0 5.531308384755562 3.8213300568555764
0 3.5015182069252537 3.9015523734450612
0 3.7933668942951515 6.449160401176842
0 3.9161756589645913 4.666027250906311
0 1.476516336640972 0.8927569120716238
0 -0.2326850649519181 1.1218769374700917
0 -0.6955110482025424 1.0589738573133751
0 2.1354839665526923 0.04311272375338815
0 0.7984068947980236 1.5414660962355378
0 1.6751625270536121 1.200524827149228
0 -1.406396717335638 0.484847509664433
0 1.9648672977678787 1.364973320668585
0 0.7889726008186501 0.6448370781151819
0 1.6487061631833513 -1.2839716745883236
1 0.10945468879184517 0.6354672700269985
1 -1.4190902917638188 -0.7569852403934025
1 -0.40418831393599547 -1.1603549701560314
1 -0.6890177076525078 -0.5194104174171479
1 1.3484938803671702 -1.0490693731197425
1 0.8998429462117604 -0.6149899765726483
1 -1.162541535481977 1.3112626898652333
1 1.1018129184771754 1.5843276458558182
1 -0.5851044497148036 2.3086277209442136
1 -0.2527976137348027 0.5256924567899984
1 0.30261627331680624 0.49259905805253024
1 -0.3777164850542091 2.0461115483703756
1 -0.4855354378001442 0.572341087771488
1 -0.5880244990256661 -1.1242768634088918
1 2.0284872855045903 -0.5408944315672318
1 1.3638115245748403 0.3543685646894328
1 1.3969535552020704 0.8679052765222057
1 -0.8062876041750405 0.5845609326043275
1 0.4512322348293286 0.014519810926984384
1 -0.4877152184647658 0.4095736194221065
1 1.8970985669355949 -1.9682787404094997
1 0.8799521355864675 -1.1249610719663663
1 -0.1689676843398416 0.7401237761966399
1 -1.3873211370809981 0.13157460521634984
1 0.8094037205582402 -0.284012512455083
1 -0.5054978488444642 -0.2516993215980434
1 -0.28383345408828703 1.1280104863766283
1 -2.121812213522356 -1.4288253454302606
1 0.6738824831306278 -0.9879104541823077
1 -0.5122713684095086 0.19175228364059216
1 -0.7356082717967034 1.8328631379019946
1 0.15794397297841364 0.3350645733919654
1 0.24234251267942533 -0.6722641401727676
1 0.2955256722306552 0.4220309980710641
1 2.2429008345791717 1.8902135359475067
1 -1.0037842622798325 0.15514200054168253
1 -0.3647339304332689 -1.0545345125783916
1 1.02763913963747 0.0035823263797869287
1 0.31704581410792554 0.3924717362622668
1 -0.4670602674508563 0.5376922932584268
1 -2.0643696000699907 -0.48395054578448965
1 -1.1930047985067875 0.4290094421972179
1 1.0191412928128813 1.8528503471718987
1 -0.1579390752694322 -0.9043803654424354
1 0.2792837377423058 -0.38870087816120974
1 -0.897460003408083 0.6461522224342233
1 -0.7742432486029931 -0.05789070167649819
1 -2.8060887337847995 -0.023792717252078
1 0.23432482585516598 -0.8685167170851786
1 -0.8340995273603357 -0.1481428315672672
1 -0.1454981725171073 -0.7469774222338368
1 -0.11036559260381171 0.4024546908492239
1 1.1108620264172502 0.579833024849878
1 -0.018484231001059264 0.49515950891799054
1 -0.0961110794750072 0.9889977947233215
1 -1.133801865639838 1.223599313365278
1 0.7528292782904111 0.5243956959931398
1 0.7722792443766524 -0.1422365204295786
1 -0.13004644012644076 -0.2966692141449551
1 0.4794620743050447 -0.17649832518614342
1 0.34225805445416624 -0.5110308703986608
1 2.0264376170110245 0.44040314266783964
1 2.316013371625634 0.30589736433195724
1 1.9434409624553246 0.6207721821163017
1 -1.2071391891003718 1.7919858510955342
1 -1.4939053690985995 0.013808917126482407
1 0.97285886966555 0.3673727637843647
1 0.5526191551515188 0.14413634846693868
1 0.031702104950992786 0.7158878124584367
1 -1.0461914216897878 -1.3555156338147676
1 1.4424159087280812 -1.0967173333029197
1 0.13190322083703038 0.6697021576903649
1 1.6041334583785158 1.828289269031129
1 0.35105263259373964 1.1212680250848022
1 1.1469562240758042 0.7134350553718503
1 -0.9997585209006322 -1.6623312480756738
1 0.37785655994633605 0.4010356315341634
1 -0.512622252493388 0.30658326469731817
1 0.6400796202958772 -1.9983328601175836
1 -0.34428362057962153 0.5273063234047074
1 0.21032248274403617 -0.7606768724857297
1 0.24834695781115562 0.18460260735655143
1 -1.309192234263276 -1.0301812447619474
1 -1.2622878764028953 -0.7926747423370847
1 1.9154787319153066 0.01343373930487989
1 -0.33854065424657365 -0.2964489119951675
1 0.3884202127276401 -0.13154567194501374
1 -0.43659580821148103 -1.4293034954668904
1 -0.1378861498773734 0.08487574364915315
1 -0.7147006718509492 -0.5599752726199962
1 -0.21285774794317772 -1.3910170224449898
1 -0.7906705892604313 -2.0768107290101665
1 0.6231235529922822 -0.06453768946549636
1 -0.8167302233948974 0.14372504032705527
1 1.912113607250662 -1.1495084936974416
1 1.4856450255206257 0.339964259484513
1 1.010490295073225 0.21441091215928737
1 1.407666328675991 0.004869313960366769
1 -0.2926045576807057 -0.4647761547641656
1 -0.47989868380445094 0.8679149461978963
1 3.903934262780706 3.3958723613260906
1 3.4152412551515385 2.8061911677574174
1 1.5672805717734035 4.0790753686886925
1 4.082257747537969 2.2752470501286424
1 4.040385266081489 4.787959174296382
1 2.999002819020665 3.7023323095288205
1 3.7843731225380983 3.7481780436117638
1 1.5653222137720122 2.212033530681568
1 4.377894583352187 2.300561580883096
1 1.4500324167913188 2.2291998226156773
