-10.0 -3.049163112015373
-9.5 -2.6773897650891283
-9.0 -2.6716514947596077
-8.5 -2.071021231965198
-8.0 -1.5077100366924976
-7.5 -1.1924513121992648
-7.0 -0.8683804874848124
-6.5 -0.9615056750169345
-6.0 -1.2023298569243155
-5.5 -1.8061167624179153
-5.0 -2.501455914609698
-4.5 -3.0539793085629316
-4.0 -3.262052756251377
-3.5 -3.1245124751927604
-3.0 -2.911293791338888
-2.5 -2.2453936868112416
-2.0 -2.3087683644626957
-1.5 -1.259830661613692
-1.0 -1.0636745917783375
-0.5 -0.9226690257318461
0.0 -0.8786575825950922
0.5 -1.7297840195970025
1.0 -2.009955623262639
1.5 -2.7642744892047695
2.0 -3.3521018966938563
2.5 -3.3026603034301156
3.0 -3.272684157346004
3.5 -2.542812471843224
4.0 -2.081428564332132
4.5 -1.5314364729762533
5.0 -1.2280507746307332
5.5 -0.8279352676344596
6.0 -1.1286898926311428
6.5 -1.521518651768015
7.0 -1.8100851524752664
7.5 -2.271930906983076
8.0 -2.94068511849257
8.5 -2.84594174274062
9.0 -3.323826189002972
9.5 -2.8045367586168437
