-10.0 0.27799493539798686
-9.5 -0.07143986801521104
-9.0 -0.27296029403723054
-8.5 0.36245273832389735
-8.0 0.8867512942848035
-7.5 1.1056899346742315
-7.0 1.211974779897209
-6.5 1.5766721206085148
-6.0 1.6383190791280813
-5.5 1.2770377546293858
-5.0 1.3042046042214066
-4.5 0.8770029362935535
-4.0 0.15840644627706296
-3.5 -0.18659198428232276
-3.0 -0.045808022162186046
-2.5 0.13198236672292607
-2.0 0.18431049775010327
-1.5 0.4755314540664187
-1.0 0.9003069489316085
-0.5 1.740620382811601
0.0 1.623107868903204
0.5 1.5858198811860535
1.0 1.521314656671562
1.5 1.0395077620516808
2.0 0.6239699330467882
2.5 0.21857758775351574
3.0 -0.06395370033638724
3.5 0.0046177569256105055
4.0 0.15987281296697606
4.5 0.2686664115452236
5.0 0.676375376331859
5.5 1.550260864170905
6.0 1.9363368444381057
6.5 1.7899493017303474
7.0 1.8270746416568033
7.5 1.07588626380275
8.0 0.7174903725257502
8.5 0.4226452157496895
9.0 0.046207021399001506
9.5 -0.1819111591357182
