-10.0 0.13972915433123018
-9.5 0.30239333771552745
-9.0 0.6367531552626038
-8.5 0.1984756808560707
-8.0 -0.4947284393455299
-7.5 -0.49555388888157087
-7.0 -1.2313832417682515
-6.5 -1.3572202997951104
-6.0 -1.5775051652544891
-5.5 -1.1487251701942447
-5.0 -0.8326265026366954
-4.5 -0.6671452502133269
-4.0 0.0707216686915711
-3.5 0.3258130786266428
-3.0 0.6016091843810595
-2.5 0.3364037237182912
-2.0 -0.1796806014126891
-1.5 -0.5675942157752548
-1.0 -0.9682049897631186
-0.5 -0.9778729133235147
0.0 -1.518618899770498
0.5 -1.4123522882177524
1.0 -1.157196677388018
1.5 -0.6383706384299628
2.0 -0.19038692881292002
2.5 0.05402521394366511
3.0 0.2948312675265219
3.5 0.47376812969348187
4.0 0.17131545796219097
4.5 -0.28477566928808284
5.0 -0.45027323090944854
5.5 -0.9590000755047023
6.0 -1.6373743653403974
6.5 -1.4432522966395023
7.0 -1.2535407705693156
7.5 -0.8679501895752175
8.0 -0.4354381620027395
8.5 -0.12819176176584454
9.0 0.48138109688738806
9.5 0.6514606259561297
