-10.0 2.7111330239364593
-9.5 2.7017604275575104
-9.0 2.56101804604814
-8.5 3.0628903370244323
-8.0 3.720812988879439
-7.5 4.313902596310529
-7.0 4.38521355257216
-6.5 4.821799870972463
-6.0 4.703094123132005
-5.5 4.574366456206984
-5.0 3.331871857081143
-4.5 3.3712683056432704
-4.0 2.954326555102104
-3.5 2.512253872200767
-3.0 2.7773109475075315
-2.5 2.7538909540651617
-2.0 3.7133663223581506
-1.5 3.6334437163570654
-1.0 4.435390833165953
-0.5 4.714496149202222
0.0 4.347907271012819
0.5 4.396782691795815
1.0 4.05124400558322
1.5 3.7345784695149713
2.0 3.230828321229886
2.5 2.7039640358390264
3.0 2.537690855431939
3.5 2.831937486459786
4.0 3.0928800818507307
4.5 3.8857190569406312
5.0 3.945091690291208
5.5 4.548770705702288
6.0 4.9018744561938705
6.5 4.525700950932685
7.0 4.215485189197758
7.5 3.607509217702626
8.0 3.5371158954126476
8.5 2.7842042415933568
9.0 2.345174811521215
9.5 2.6009751580765634
